831
50
416
919
305
937
646
104
306
997
8
152
873
646
259
970
661
401
697
978
199
305
770
555
539
813
153
981
413
182
153
720
673
362
798
177
147
754
344
264
540
804
337
508
422
422
664
411
591
248
998
98
585
116
446
974
682
485
490
196
431
937
328
299
619
949
883
804
373
476
22
931
128
970
891
837
373
883
122
741
27
11
653
437
686
466
24
333
100
926
742
835
692
405
326
64
362
517
252
91
277
618
60
204
930
492
866
479
281
617
525
66
549
678
82
413
514
278
476
533
606
412
593
413
993
363
823
235
185
568
805
714
982
656
79
664
125
883
426
662
504
189
941
975
66
445
16
55
897
916
102
954
748
91
318
959
867
169
704
55
893
264
442
293
828
939
698
739
982
718
798
678
605
314
999
448
614
68
820
376
487
528
411
672
296
527
362
523
556
818
348
297
642
842
703
48
459
206
274
272
831
50
416
919
305
937
646
104
306
997
8
152
873
646
259
970
661
401
697
978
199
305
770
555
539
813
153
981
413
182
153
720
673
362
798
177
147
754
344
264
540
804
337
508
422
422
664
411
591
248
998
98
585
116
446
974
682
485
490
196
431
937
328
299
619
949
883
804
373
476
22
931
128
970
891
837
373
883
122
741
27
11
653
437
686
466
24
333
100
926
742
835
692
405
326
64
362
517
252
91
277
618
60
204
930
492
866
479
281
617
525
66
549
678
82
413
514
278
476
533
606
412
593
413
993
363
823
235
185
568
805
714
982
656
79
664
125
883
426
662
504
189
941
975
66
445
16
55
897
916
102
954
748
91
318
959
867
169
704
55
893
264
442
293
828
939
698
739
982
718
798
678
605
314
999
448
614
68
820
376
487
528
411
672
296
527
362
523
556
818
348
297
642
842
703
48
459
206
274
272
